2 1
   4.0000   3.0000
  -4.5000  -3.5000
   1
  -1
   1
   9   6
   6   4
2 2
   0.95120   0.00000
   0.00000   0.90480
   4.8770   4.8770
  -1.1895   3.5690
   0.33333   0.00000
   0.00000   3.00000
   0.005000   0.000000
   0.000000   0.020000
2 1
   2  -1
   1   0
   1
   0
   0
   0   0
   0   1
2 2
   0   1
   0  -1
   1   0
   2   1
   9   3
   3   1
  -0.36364  -0.36364
  -0.36364   0.63636
2 1
   0   1
   0   0
   0
   1
   1
   1   2
   2   4
4 2
   0.99800   0.06700   0.00000   0.00000
  -0.06700   0.99800   0.00000   0.00000
   0.00000   0.00000   0.99800   0.15300
   0.00000   0.00000  -0.15300   0.99800
   3.3000e-03   2.0000e-02
   1.0000e-01  -7.0000e-04
   4.0000e-02   7.3000e-03
  -2.8000e-03   1.0000e-01
   1   0
   0   1
   1.87000   0.00000   0.00000  -0.24400
   0.00000   0.74400   0.20500   0.00000
   0.00000   0.20500   0.58900   0.00000
  -0.24400   0.00000   0.00000   1.04800
4 2
   9.8475e-01  -7.9903e-02   9.0540e-04  -1.0765e-03
   4.1588e-02   9.9899e-01  -3.5855e-02   1.2684e-02
  -5.4662e-01   4.4916e-02  -3.2991e-01   1.9318e-01
   2.6624e+00  -1.0045e-01  -9.2455e-01  -2.6325e-01
   3.7112e-03   7.3610e-04
  -8.7051e-02   9.3411e-06
  -1.1984e+00  -4.1378e-04
  -3.1927e+00   9.2535e-04
   1   0
   0   1
   0.010000          0          0          0
          0   0.010000          0          0
          0          0   0.010000          0
          0          0          0   0.010000
4 4
  -0.60000  -2.20000  -3.60000  -5.40002
   1.00000   0.60000   0.80000   3.39998
   0.00000   1.00000   1.80000   3.79998
   0.00000   0.00000   0.00000  -0.99998
   1  -1  -1  -1
  -0   1  -1  -1
  -0  -0   1  -1
  -0  -0  -0   1
   1   0   0   0
   0   1   0   0
   0   0   1   0
   0   0   0   1
    2    1    3    6
    1    2    2    5
    3    2    6   11
    6    5   11   22
5 2
   9.5407e-01   1.9643e-02   3.5970e-03   6.7300e-04   1.9000e-04
   4.0849e-01   4.1317e-01   1.6084e-01   4.4679e-02   1.1971e-02
   1.2217e-01   2.6326e-01   3.6149e-01   1.5930e-01   1.2383e-01
   4.1118e-02   1.2858e-01   2.7209e-01   2.1442e-01   4.0976e-01
   1.3050e-03   5.8080e-03   1.8750e-02   3.6162e-02   9.4280e-01
   4.3400e-04  -1.2200e-04
   2.6606e-02  -1.0453e-02
   3.7530e-02  -5.5100e-02
   3.6076e-02  -6.6000e-02
   4.6170e-03  -9.1480e-03
   1   0
   0   1
   1   0   0   0   0
   0   1   0   0   0
   0   0   1   0   0
   0   0   0   1   0
   0   0   0   0   1
6 2
   0   1   0   0   0   0
   0   0   1   0   0   0
   0   0   0   0   0   0
   0   0   0   0   1   0
   0   0   0   0   0   1
   0   0   0   0   0   0
   0   0
   0   0
   1   0
   0   0
   0   0
   0   1
   3   0
   0   1
   1   1   0   0   0   0
   1   1   0   0   0   0
   0   0   0   0   0   0
   0   0   0   1  -1   0
   0   0   0  -1   1   0
   0   0   0   0   0   0
9 3
   0.87010   0.13500   0.01159   0.00050  -0.03722   0.00035   0.00000   0.00424   0.00725
   0.07655   0.89740   0.01272   0.00055  -0.04016   0.00037   0.00000   0.00453   0.00750
  -0.12720   0.35750   0.81700   0.00146  -0.10280   0.00099   0.00000   0.01185   0.01872
  -0.36350   0.63390   0.07491   0.79660  -0.27350   0.00265   0.00000   0.03172   0.04882
  -0.96000   1.64590  -0.12890  -0.00560   0.07142   0.00711   0.00000   0.08452   0.12590
  -0.66440   0.11296  -0.08889  -0.00385   0.08447   0.01360   0.00000   0.14430   0.10160
  -0.41020   0.69300  -0.05471  -0.00237   0.06649   0.01249   0.00011   0.09997   0.06967
  -0.17990   0.30170  -0.02393  -0.00103   0.06059   0.02216   0.00000   0.21390   0.03554
  -0.34510   0.58040  -0.04596  -0.00199   0.10560   0.01986   0.00000   0.21910   0.21520
   4.7600e-04  -5.7010e-05  -8.3680e-03
   8.7900e-05  -4.7730e-04  -2.7300e-04
   1.4820e-04  -1.3120e-03   8.8760e-04
   3.8920e-04  -3.5130e-03   2.4800e-03
   1.0340e-03  -9.2750e-03   6.6800e-03
   7.2030e-04  -6.1590e-03   3.8340e-03
   4.4540e-04  -3.6830e-03   2.0290e-03
   1.9710e-04  -1.5540e-03   6.9370e-04
   3.7730e-04  -3.0280e-03   1.4690e-03
   1   0   0
   0   1   0
   0   0   1
   50    0    0    0    0    0    0    0    0
    0    0    0    0    0    0    0    0    0
    0    0    0    0    0    0    0    0    0
    0    0    0    0    0    0    0    0    0
    0    0    0    0   50    0    0    0    0
    0    0    0    0    0    0    0    0    0
    0    0    0    0    0    0    0    0    0
    0    0    0    0    0    0    0    0    0
    0    0    0    0    0    0    0    0    0
2 1
   0.00000   0.10000
   0.00000   0.00000
   0
   1
   1
   1   0
   0   1
3 3
   1.77778   1.11111  -0.22222
   1.11111   1.44444  -0.88889
  -0.22222  -0.88889   0.77778
   1   0   0
   0   1   0
   0   0   1
   0.10000         0         0
         0   0.10000         0
         0         0   0.10000
   0.10000         0         0
         0   0.10000         0
         0         0   0.10000