2 1 0 1 0 0 0 1 1 1 0 0 2 2 1 4.0000 3.0000 - 4.5000 - 3.5000 1 -
    1 1 9 6 6 4 4 2 0.00000 1.00000 0.00000 0.00000 0.00000 - 1.89000 0.39000 -
    5.53000 0.00000 - 0.03400 - 2.98000 2.43000 0.03400 - 0.00110 - 0.99000 -
    0.21000 0.00000 0.00000 0.36000 - 1.60000 - 0.95000 -
    0.03200 0.03000 0.00000 1 0 0 1 2.313000 2.727000 0.688000 0.023000 2.727000 4.271000 1.148000 0.323000 0.688000 1.148000 0.313000 0.102000 0.023000 0.323000 0.102000 0.083000 8 2 -
    0.99100 0.52900 0.00000 0.00000 0.00000 0.00000 0.00000 0.00000 0.52200 -
    1.05100 0.59600 0.00000 0.00000 0.00000 0.00000 0.00000 0.00000 0.52200 -
    1.11800 0.59600 0.00000 0.00000 0.00000 0.00000 0.00000 0.00000 0.52200 -
    1.54800 0.71800 0.00000 0.00000 0.00000 0.00000 0.00000 0.00000 0.92200 -
    1.64000 0.79900 0.00000 0.00000 0.00000 0.00000 0.00000 0.00000 0.92200 -
    1.72100 0.90100 0.00000 0.00000 0.00000 0.00000 0.00000 0.00000 0.92200 -
    1.82300 1.02100 0.00000 0.00000 0.00000 0.00000 0.00000 0.00000 0.92200 -
    1.94300 0.0038400 - 0.0028800 0.0040000 - 0.0030400 0.0376000 -
    0.0028000 0.0030800 - 0.0023200 0.0023600 - 0.0033200 0.0028800 -
    0.0038200 0.0030800 - 0.0041200 0.0030000 -
    0.0039600 1 0 0 1 1.00000 0.00000 0.00000 0.00000 0.50000 0.00000 0.00000 0.10000 0.00000 1.00000 0.00000 0.00000 0.10000 0.00000 0.00000 0.00000 0.00000 0.00000 1.00000 0.00000 0.00000 0.50000 0.00000 0.00000 0.00000 0.00000 0.00000 1.00000 0.00000 0.00000 0.00000 0.00000 0.50000 0.10000 0.00000 0.00000 0.10000 0.00000 0.00000 0.00000 0.00000 0.00000 0.50000 0.00000 0.00000 0.10000 0.00000 0.00000 0.00000 0.00000 0.00000 0.00000 0.00000 0.00000 0.10000 0.00000 0.10000 0.00000 0.00000 0.00000 0.00000 0.00000 0.00000 0.10000 9 3 -
    4.01900 5.12000 0.00000 0.00000 - 2.08200 0.00000 0.00000 0.00000 0.87000 -
    0.34600 0.98600 0.00000 0.00000 - 2.34000 0.00000 0.00000 0.00000 0.97000 -
    7.90900 15.40700 - 4.06900 0.00000 -
    6.45000 0.00000 0.00000 0.00000 2.68000 - 21.81600 35.60600 - 0.33900 -
    3.87000 - 17.80000 0.00000 0.00000 0.00000 7.39000 - 60.19600 98.18800 -
    7.90700 0.34000 -
    53.00800 0.00000 0.00000 0.00000 20.40000 0.00000 0.00000 0.00000 0.00000 94.00000 -
    147.20000 0.00000 53.20000 0.00000 0.00000 0.00000 0.00000 0.00000 0.00000 94.00000 -
    147.20000 0.00000 0.00000 0.00000 0.00000 0.00000 0.00000 0.00000 12.80000 0.00000 -
    31.60000 0.00000 0.00000 0.00000 0.00000 0.00000 12.80000 0.00000 0.00000 18.80000 -
    31.60000 0.01000 - 0.01100 - 0.15100 0.00300 - 0.02100 0.00000 0.00900 -
    0.05900 0.00000 0.02400 - 0.16200 0.00000 0.06800 - 0.44500 0.00000 0.00000 0.00000 0.00000 0.00000 0.00000 0.00000 0.00000 0.00000 0.00000 0.00000 0.00000 0.00000 1 0 0 0 1 0 0 0 1 1 0 0 0 0 0 0 0 0 0 1 0 0 0 0 0 0 0 0 0 1 0 0 0 0 0 0 0 0 0 1 0 0 0 0 0 0 0 0 0 1 0 0 0 0 0 0 0 0 0 1 0 0 0 0 0 0 0 0 0 1 0 0 0 0 0 0 0 0 0 1 0 0 0 0 0 0 0 0 0 1 30 3 -
    4.3280e+00 1.7140e-01 5.3760e+00 4.0160e+02 - 7.2460e+02 -
    1.9330e+00 1.0200e+00 - 9.8200e-01 9.9900e-01 1.5210e+00 -
    4.0620e+00 9.5670e+00 1.0080e+01 - 6.0170e-01 - 1.3120e-01 9.6020e-02 -
    4.5700e-02 0.0000e+00 - 4.5160e+02 0.0000e+00 0.0000e+00 -
    1.0580e+02 0.0000e+00 0.0000e+00 0.0000e+00 0.0000e+00 0.0000e+00 0.0000e+00 0.0000e+00 0.0000e+00 -
    4.4020e-01 - 5.6430e+00 1.2750e+02 - 2.3350e+02 -
    4.3430e+02 2.6590e+01 2.0400e+00 - 2.5920e+00 1.1320e+01 1.0900e+01 -
    4.0710e+00 - 5.7390e-02 - 6.0630e-01 - 7.4880e-02 - 5.9360e-01 -
    9.6020e-02 1.1140e-01 0.0000e+00 - 5.4610e+02 0.0000e+00 0.0000e+00 -
    6.5750e+00 0.0000e+00 0.0000e+00 0.0000e+00 0.0000e+00 0.0000e+00 0.0000e+00 0.0000e+00 0.0000e+00 1.0380e+00 6.0730e+00 -
    1.6500e+02 -
    4.4830e+00 1.0490e+03 - 8.2450e+01 - 5.3140e+00 5.0970e+00 - 9.3890e-03 1.3520e-01 5.6380e+00 2.2460e-02 1.7970e-01 2.4070e-02 1.1000e+00 2.7430e-02 2.1530e-01 0.0000e+00 1.3620e+03 0.0000e+00 0.0000e+00 1.3460e+01 0.0000e+00 0.0000e+00 0.0000e+00 0.0000e+00 0.0000e+00 0.0000e+00 0.0000e+00 0.0000e+00 5.3040e-01 -
    1.0860e-01 1.3130e+02 - 5.7830e+02 1.0200e+02 - 9.2400e+00 - 1.1460e+00 -
    2.4080e+00 - 3.0810e+00 - 4.5290e+00 5.7070e+00 - 2.3460e-01 - 2.1110e+00 -
    2.4600e-01 - 4.6860e-01 -
    3.2230e-01 3.2620e-01 0.0000e+00 2.0800e+02 0.0000e+00 0.0000e+00 -
    2.8880e+00 0.0000e+00 0.0000e+00 0.0000e+00 0.0000e+00 0.0000e+00 0.0000e+00 0.0000e+00 0.0000e+00 8.4760e-03 -
    1.5630e-02 5.6020e-02 1.5730e+00 - 1.0050e+01 1.9520e-01 - 8.8040e-03 -
    2.1100e-02 2.0900e-03 - 5.2560e-02 - 4.0770e-02 - 9.1820e-03 -
    5.1780e-02 3.4250e-02 4.9950e-03 - 1.2560e-02 9.9480e-03 0.0000e+00 -
    9.8390e+01 0.0000e+00 0.0000e+00 5.0690e-01 0.0000e+00 0.0000e+00 0.0000e+00 0.0000e+00 0.0000e+00 0.0000e+00 0.0000e+00 0.0000e+00 8.3500e-01 -
    1.2490e-02 - 3.5670e-02 - 6.0740e-01 3.7650e+01 - 1.9790e+01 - 1.8130e-01 -
    2.9520e-02 - 1.9530e-02 - 1.6220e-01 - 6.4390e-03 - 2.3460e-02 -
    2.2010e-01 - 2.5140e-02 - 3.7490e-03 -
    3.3510e-02 2.7280e-02 0.0000e+00 7.1620e+01 0.0000e+00 0.0000e+00 9.6080e+00 0.0000e+00 0.0000e+00 0.0000e+00 0.0000e+00 0.0000e+00 0.0000e+00 0.0000e+00 0.0000e+00 6.7680e-01 -
    1.2640e-02 - 9.6830e-02 - 3.5670e-01 8.0240e+01 - 8.2390e-02 - 2.0470e+01 -
    3.9280e-02 1.8780e-02 - 2.1290e-01 - 9.3370e-03 - 3.1440e-02 - 2.9190e-01 -
    3.3700e-02 8.8730e-02 -
    4.4580e-02 1.7160e-02 0.0000e+00 7.1710e+01 0.0000e+00 0.0000e+00 8.5710e+00 0.0000e+00 0.0000e+00 0.0000e+00 0.0000e+00 0.0000e+00 0.0000e+00 0.0000e+00 0.0000e+00 -
    9.6960e-02 8.6660e-01 1.6870e+01 1.0510e+00 -
    1.0230e+02 2.9660e+01 5.9430e-01 -
    1.9970e+01 2.2530e-02 1.7010e-01 8.3710e-03 2.6450e-02 2.5600e-01 2.8350e-02 -
    3.7490e-02 3.6350e-02 - 7.7410e-02 0.0000e+00 -
    1.4120e+02 0.0000e+00 0.0000e+00 -
    8.2150e-01 0.0000e+00 0.0000e+00 0.0000e+00 0.0000e+00 0.0000e+00 0.0000e+00 0.0000e+00 0.0000e+00 -
    8.7850e-03 - 1.6360e-02 1.8470e-01 2.1690e-01 -
    8.4200e+00 7.0030e-01 5.6660e-02 6.6230e+00 -
    4.9990e+01 6.7600e-02 3.9460e+01 4.9910e-03 8.9830e-02 5.3490e-03 0.0000e+00 1.3720e-02 3.8550e-02 0.0000e+00 -
    7.7100e+00 0.0000e+00 0.0000e+00 -
    4.3710e-02 0.0000e+00 0.0000e+00 0.0000e+00 0.0000e+00 0.0000e+00 0.0000e+00 0.0000e+00 0.0000e+00 -
    1.2980e-04 - 2.4300e-04 2.7180e-03 3.2140e-03 -
    1.2460e-01 1.0370e-02 8.3950e-04 9.8120e-02 - 6.6660e-01 -
    6.6570e-01 5.8470e-01 6.6540e-05 1.3470e-03 7.1310e-05 0.0000e+00 2.0570e-04 5.7070e-04 0.0000e+00 -
    1.1440e-01 0.0000e+00 0.0000e+00 -
    6.3590e-04 0.0000e+00 0.0000e+00 0.0000e+00 0.0000e+00 0.0000e+00 0.0000e+00 0.0000e+00 0.0000e+00 -
    1.2070e+00 - 6.7170e+00 2.6260e+01 1.2490e+01 -
    1.2690e+03 1.0300e+02 7.4800e+00 3.6840e+01 2.8540e-01 2.3320e+00 -
    4.7650e+01 3.4060e-01 3.0650e+00 3.6240e-01 - 4.3430e-01 4.6810e-01 5.7270e+00 0.0000e+00 - 1.7450e+03 0.0000e+00 0.0000e+00 - 8.9400e+00 0.0000e+00 0.0000e+00 0.0000e+00 0.0000e+00 0.0000e+00 0.0000e+00 0.0000e+00 0.0000e+00 - 2.7300e-02 - 4.5390e-01 - 5.2720e+01 1.9880e+02 - 2.8090e+01 2.2430e+00 1.7940e-01 9.7500e+00 - 9.6270e+00 - 9.5570e+00 3.8480e+01 - 5.0010e+01 1.0110e-01 1.2030e-02 - 4.6860e-02 1.7150e-02 1.3920e-01 0.0000e+00 - 2.4300e+01 0.0000e+00 0.0000e+00 - 2.7360e-01 0.0000e+00 0.0000e+00 0.0000e+00 0.0000e+00 0.0000e+00 0.0000e+00 0.0000e+00 0.0000e+00 - 1.2060e-03 - 2.0170e-02 - 2.3430e+00 8.8350e+00 - 1.2480e+00 9.9750e-02 8.0590e-03 4.3330e-01 - 4.2780e-01 - 4.2450e-01 1.7100e+00 - 2.0000e+00 - 1.9960e+00 5.3490e-04 - 1.9990e-03 7.5440e-04 6.1720e-03 0.0000e+00 - 1.0820e+00 0.0000e+00 0.0000e+00 - 1.1830e-02 0.0000e+00 0.0000e+00 0.0000e+00 0.0000e+00 0.0000e+00 0.0000e+00 0.0000e+00 0.0000e+00 - 1.6130e-01 - 2.4690e-01 - 2.4050e+01 2.3380e+01 1.4830e+02 1.6380e+00 1.3850e-01 4.4880e+00 - 4.4140e+00 - 4.3540e+00 1.7660e+01 - 3.1130e+00 - 3.0180e+00 - 1.9770e+01 - 4.9990e-02 1.5090e-02 6.7770e-02 0.0000e+00 1.6600e+01 0.0000e+00 0.0000e+00 3.9800e-01 0.0000e+00 0.0000e+00 0.0000e+00 0.0000e+00 0.0000e+00 0.0000e+00 0.0000e+00 0.0000e+00 - 1.2440e-02 3.0200e-02 - 1.1980e-01 - 4.8210e-02 5.5750e+00 - 4.5250e-01 1.9810e+01 1.2490e-01 - 1.1270e-03 - 6.7600e-03 1.8350e-02 - 9.9810e-04 - 1.3470e-02 - 1.0700e-03 - 2.0000e+01 - 2.0570e-03 1.8800e-03 0.0000e+00 9.1470e+00 0.0000e+00 0.0000e+00 - 8.2410e-01 0.0000e+00 0.0000e+00 0.0000e+00 0.0000e+00 0.0000e+00 0.0000e+00 0.0000e+00 0.0000e+00 - 1.6530e+00 1.8310e+00 - 3.8220e+00 1.1340e+02 3.4140e+02 - 2.7340e+01 - 2.0400e+00 - 6.1660e-01 5.0040e-01 - 1.4370e-01 - 2.4160e+00 - 1.0730e-01 - 1.0780e+00 3.0530e+01 1.9890e+01 - 5.0160e+01 1.6770e-01 0.0000e+00 4.3580e+02 0.0000e+00 0.0000e+00 - 5.9940e+01 0.0000e+00 0.0000e+00 0.0000e+00 0.0000e+00 0.0000e+00 0.0000e+00 0.0000e+00 0.0000e+00 0.0000e+00 0.0000e+00 0.0000e+00 0.0000e+00 0.0000e+00 0.0000e+00 0.0000e+00 0.0000e+00 0.0000e+00 0.0000e+00 0.0000e+00 0.0000e+00 0.0000e+00 0.0000e+00 0.0000e+00 0.0000e+00 0.0000e+00 1.0000e+00 0.0000e+00 0.0000e+00 0.0000e+00 0.0000e+00 0.0000e+00 0.0000e+00 0.0000e+00 0.0000e+00 0.0000e+00 0.0000e+00 0.0000e+00 0.0000e+00 0.0000e+00 0.0000e+00 0.0000e+00 0.0000e+00 0.0000e+00 0.0000e+00 0.0000e+00 0.0000e+00 0.0000e+00 0.0000e+00 0.0000e+00 0.0000e+00 0.0000e+00 0.0000e+00 0.0000e+00 0.0000e+00 -
    5.0000e+02 -
    6.0000e+01 0.0000e+00 0.0000e+00 0.0000e+00 0.0000e+00 0.0000e+00 0.0000e+00 0.0000e+00 0.0000e+00 0.0000e+00 0.0000e+00 0.0000e+00 0.0000e+00 0.0000e+00 0.0000e+00 0.0000e+00 0.0000e+00 0.0000e+00 0.0000e+00 0.0000e+00 0.0000e+00 0.0000e+00 0.0000e+00 0.0000e+00 0.0000e+00 0.0000e+00 0.0000e+00 0.0000e+00 0.0000e+00 0.0000e+00 0.0000e+00 0.0000e+00 1.0000e+00 0.0000e+00 0.0000e+00 0.0000e+00 0.0000e+00 0.0000e+00 0.0000e+00 0.0000e+00 0.0000e+00 0.0000e+00 0.0000e+00 0.0000e+00 0.0000e+00 0.0000e+00 0.0000e+00 0.0000e+00 0.0000e+00 0.0000e+00 0.0000e+00 0.0000e+00 0.0000e+00 0.0000e+00 0.0000e+00 0.0000e+00 0.0000e+00 0.0000e+00 0.0000e+00 0.0000e+00 0.0000e+00 0.0000e+00 0.0000e+00 1.0000e+00 0.0000e+00 0.0000e+00 0.0000e+00 0.0000e+00 0.0000e+00 0.0000e+00 0.0000e+00 0.0000e+00 0.0000e+00 0.0000e+00 0.0000e+00 0.0000e+00 0.0000e+00 0.0000e+00 0.0000e+00 0.0000e+00 0.0000e+00 0.0000e+00 0.0000e+00 0.0000e+00 0.0000e+00 0.0000e+00 0.0000e+00 0.0000e+00 0.0000e+00 0.0000e+00 0.0000e+00 - 3.6000e+03 - 7.0800e+02 - 1.0672e+02 0.0000e+00 0.0000e+00 0.0000e+00 0.0000e+00 0.0000e+00 0.0000e+00 0.0000e+00 0.0000e+00 0.0000e+00 0.0000e+00 0.0000e+00 0.0000e+00 0.0000e+00 0.0000e+00 0.0000e+00 0.0000e+00 0.0000e+00 0.0000e+00 0.0000e+00 0.0000e+00 0.0000e+00 0.0000e+00 0.0000e+00 0.0000e+00 0.0000e+00 0.0000e+00 0.0000e+00 0.0000e+00 0.0000e+00 0.0000e+00 0.0000e+00 1.0000e+00 0.0000e+00 0.0000e+00 0.0000e+00 0.0000e+00 0.0000e+00 0.0000e+00 0.0000e+00 0.0000e+00 0.0000e+00 0.0000e+00 0.0000e+00 0.0000e+00 0.0000e+00 0.0000e+00 0.0000e+00 0.0000e+00 0.0000e+00 0.0000e+00 0.0000e+00 0.0000e+00 0.0000e+00 0.0000e+00 0.0000e+00 0.0000e+00 0.0000e+00 0.0000e+00 0.0000e+00 0.0000e+00 0.0000e+00 0.0000e+00 1.0000e+00 0.0000e+00 0.0000e+00 0.0000e+00 0.0000e+00 0.0000e+00 0.0000e+00 0.0000e+00 0.0000e+00 0.0000e+00 0.0000e+00 0.0000e+00 0.0000e+00 0.0000e+00 0.0000e+00 0.0000e+00 0.0000e+00 0.0000e+00 0.0000e+00 0.0000e+00 0.0000e+00 0.0000e+00 0.0000e+00 0.0000e+00 0.0000e+00 0.0000e+00 0.0000e+00 0.0000e+00 - 1.2000e+04 -
    5.2400e+03 -
    1.5000e+02 0.0000e+00 0.0000e+00 0.0000e+00 0.0000e+00 0.0000e+00 0.0000e+00 3.3300e+01 0.0000e+00 0.0000e+00 0.0000e+00 0.0000e+00 0.0000e+00 0.0000e+00 0.0000e+00 0.0000e+00 0.0000e+00 0.0000e+00 0.0000e+00 0.0000e+00 0.0000e+00 0.0000e+00 0.0000e+00 0.0000e+00 0.0000e+00 0.0000e+00 0.0000e+00 0.0000e+00 0.0000e+00 0.0000e+00 0.0000e+00 -
    3.3300e+01 0.0000e+00 0.0000e+00 0.0000e+00 0.0000e+00 0.0000e+00 0.0000e+00 2.0000e+01 0.0000e+00 0.0000e+00 0.0000e+00 0.0000e+00 0.0000e+00 0.0000e+00 0.0000e+00 0.0000e+00 0.0000e+00 0.0000e+00 0.0000e+00 0.0000e+00 0.0000e+00 0.0000e+00 0.0000e+00 0.0000e+00 0.0000e+00 0.0000e+00 0.0000e+00 0.0000e+00 0.0000e+00 0.0000e+00 0.0000e+00 - 2.0000e+01 0.0000e+00 0.0000e+00 0.0000e+00 0.0000e+00 0.0000e+00 0.0000e+00 2.0000e+01 0.0000e+00 0.0000e+00 0.0000e+00 0.0000e+00 0.0000e+00 0.0000e+00 0.0000e+00 0.0000e+00 0.0000e+00 0.0000e+00 0.0000e+00 0.0000e+00 0.0000e+00 0.0000e+00 0.0000e+00 0.0000e+00 0.0000e+00 0.0000e+00 0.0000e+00 0.0000e+00 0.0000e+00 0.0000e+00 0.0000e+00 - 2.0000e+01 0.0000e+00 0.0000e+00 0.0000e+00 0.0000e+00 0.0000e+00 0.0000e+00 0.0000e+00 2.0000e+01 0.0000e+00 0.0000e+00 0.0000e+00 0.0000e+00 0.0000e+00 0.0000e+00 0.0000e+00 0.0000e+00 0.0000e+00 0.0000e+00 0.0000e+00 0.0000e+00 0.0000e+00 0.0000e+00 0.0000e+00 0.0000e+00 0.0000e+00 0.0000e+00 0.0000e+00 0.0000e+00 0.0000e+00 0.0000e+00 - 2.0000e+01 0.0000e+00 0.0000e+00 0.0000e+00 0.0000e+00 0.0000e+00 0.0000e+00 0.0000e+00 0.0000e+00 0.0000e+00 0.0000e+00 0.0000e+00 0.0000e+00 0.0000e+00 6.4500e-01 6.4500e-01 0.0000e+00 0.0000e+00 0.0000e+00 0.0000e+00 0.0000e+00 0.0000e+00 0.0000e+00 0.0000e+00 0.0000e+00 0.0000e+00 0.0000e+00 0.0000e+00 0.0000e+00 0.0000e+00 0.0000e+00 0.0000e+00 1.0000e+00 0.0000e+00 0.0000e+00 0.0000e+00 0.0000e+00 0.0000e+00 0.0000e+00 0.0000e+00 0.0000e+00 0.0000e+00 0.0000e+00 0.0000e+00 -
    8.9400e-01 -
    8.9400e-01 0.0000e+00 0.0000e+00 0.0000e+00 0.0000e+00 0.0000e+00 0.0000e+00 0.0000e+00 0.0000e+00 0.0000e+00 0.0000e+00 0.0000e+00 0.0000e+00 0.0000e+00 0.0000e+00 0.0000e+00 - 3.0600e-01 - 1.8600e+00 0 0 0 0 0 0 0 0 0 0 0 0 0 0 0 0 0 0 0 0 0 0 0 0 0 0 0 0 0 0 0 0 0 0 0 0 0 0 0 0 0 0 0 0 0 0 0 0 0 0 0 500 0 0 0 0 0 0 0 0 0 3600 0 0 0 0 0 0 0 0 0 12000 0 0 0 0 0 0 0 0 0 0 0 0 0 0 0 0 0 0 1 0 0 0 1 0 0 0 1 2.3687e-01 -
    3.2795e-01 2.6232e+00 4.6422e+01 1.1690e+01 5.1180e+00 3.9844e-01 -
    2.1854e-01 2.5274e-01 4.1046e-01 -
    9.0635e-01 2.7774e-02 2.3425e-01 1.6677e+00 1.0513e+00 3.7368e-02 -
    3.2968e-02 0.0000e+00 -
    2.0457e+02 0.0000e+00 0.0000e+00 1.6049e+01 0.0000e+00 0.0000e+00 0.0000e+00 0.0000e+00 0.0000e+00 0.0000e+00 0.0000e+00 0.0000e+00 -
    3.2795e-01 4.5441e-01 - 3.6347e+00 - 6.4323e+01 - 1.6199e+01 - 7.0915e+00 -
    5.5209e-01 3.0281e-01 - 3.5019e-01 - 5.6874e-01 1.2558e+00 - 3.8484e-02 -
    3.2458e-01 - 2.3108e+00 - 1.4567e+00 -
    5.1778e-02 4.5684e-02 0.0000e+00 2.8346e+02 0.0000e+00 0.0000e+00 -
    2.2225e+01 0.0000e+00 0.0000e+00 0.0000e+00 0.0000e+00 0.0000e+00 0.0000e+00 0.0000e+00 0.0000e+00 2.6232e+00 -
    3.6347e+00 2.9074e+01 5.1450e+02 1.2957e+02 5.6724e+01 4.4160e+00 -
    2.4221e+00 2.8011e+00 4.5492e+00 -
    1.0045e+01 3.0783e-01 2.5962e+00 1.8484e+01 1.1652e+01 4.1416e-01 -
    3.6542e-01 0.0000e+00 -
    2.2673e+03 0.0000e+00 0.0000e+00 1.7777e+02 0.0000e+00 0.0000e+00 0.0000e+00 0.0000e+00 0.0000e+00 0.0000e+00 0.0000e+00 0.0000e+00 4.6422e+01 -
    6.4323e+01 5.1450e+02 9.1050e+03 2.2929e+03 1.0038e+03 7.8149e+01 -
    4.2863e+01 4.9571e+01 8.0506e+01 -
    1.7777e+02 5.4475e+00 4.5945e+01 3.2710e+02 2.0620e+02 7.3292e+00 -
    6.4666e+00 0.0000e+00 -
    4.0124e+04 0.0000e+00 0.0000e+00 3.1460e+03 0.0000e+00 0.0000e+00 0.0000e+00 0.0000e+00 0.0000e+00 0.0000e+00 0.0000e+00 0.0000e+00 1.1690e+01 -
    1.6199e+01 1.2957e+02 2.2929e+03 5.7744e+02 2.5280e+02 1.9681e+01 -
    1.0794e+01 1.2484e+01 2.0274e+01 - 4.4768e+01 1.3719e+00 1.1570e+01 8.2375e+01 5.1929e+01 1.8457e+00 - 1.6285e+00 0.0000e+00 - 1.0105e+04 0.0000e+00 0.0000e+00 7.9226e+02 0.0000e+00 0.0000e+00 0.0000e+00 0.0000e+00 0.0000e+00 0.0000e+00 0.0000e+00 0.0000e+00 5.1180e+00 - 7.0915e+00 5.6724e+01 1.0038e+03 2.5280e+02 1.1067e+02 8.6159e+00 - 4.7256e+00 5.4651e+00 8.8757e+00 - 1.9599e+01 6.0059e-01 5.0654e+00 3.6063e+01 2.2734e+01 8.0804e-01 - 7.1294e-01 0.0000e+00 - 4.4237e+03 0.0000e+00 0.0000e+00 3.4684e+02 0.0000e+00 0.0000e+00 0.0000e+00 0.0000e+00 0.0000e+00 0.0000e+00 0.0000e+00 0.0000e+00 3.9844e-01 -
    5.5209e-01 4.4160e+00 7.8149e+01 1.9681e+01 8.6159e+00 6.7076e-01 -
    3.6789e-01 4.2547e-01 6.9099e-01 -
    1.5258e+00 4.6757e-02 3.9435e-01 2.8075e+00 1.7699e+00 6.2907e-02 -
    5.5504e-02 0.0000e+00 -
    3.4439e+02 0.0000e+00 0.0000e+00 2.7002e+01 0.0000e+00 0.0000e+00 0.0000e+00 0.0000e+00 0.0000e+00 0.0000e+00 0.0000e+00 0.0000e+00 -
    2.1854e-01 3.0281e-01 - 2.4221e+00 - 4.2863e+01 - 1.0794e+01 - 4.7256e+00 -
    3.6789e-01 2.0178e-01 - 2.3336e-01 - 3.7899e-01 8.3686e-01 - 2.5645e-02 -
    2.1629e-01 - 1.5399e+00 - 9.7072e-01 -
    3.4503e-02 3.0442e-02 0.0000e+00 1.8889e+02 0.0000e+00 0.0000e+00 -
    1.4810e+01 0.0000e+00 0.0000e+00 0.0000e+00 0.0000e+00 0.0000e+00 0.0000e+00 0.0000e+00 0.0000e+00 2.5274e-01 -
    3.5019e-01 2.8011e+00 4.9571e+01 1.2484e+01 5.4651e+00 4.2547e-01 -
    2.3336e-01 2.6988e-01 4.3830e-01 -
    9.6783e-01 2.9658e-02 2.5014e-01 1.7808e+00 1.1226e+00 3.9903e-02 -
    3.5207e-02 0.0000e+00 -
    2.1845e+02 0.0000e+00 0.0000e+00 1.7128e+01 0.0000e+00 0.0000e+00 0.0000e+00 0.0000e+00 0.0000e+00 0.0000e+00 0.0000e+00 0.0000e+00 4.1046e-01 -
    5.6874e-01 4.5492e+00 8.0506e+01 2.0274e+01 8.8757e+00 6.9099e-01 -
    3.7899e-01 4.3830e-01 7.1183e-01 -
    1.5718e+00 4.8167e-02 4.0624e-01 2.8922e+00 1.8232e+00 6.4805e-02 -
    5.7178e-02 0.0000e+00 -
    3.5478e+02 0.0000e+00 0.0000e+00 2.7817e+01 0.0000e+00 0.0000e+00 0.0000e+00 0.0000e+00 0.0000e+00 0.0000e+00 0.0000e+00 0.0000e+00 -
    9.0635e-01 1.2558e+00 - 1.0045e+01 - 1.7777e+02 - 4.4768e+01 - 1.9599e+01 -
    1.5258e+00 8.3686e-01 - 9.6783e-01 - 1.5718e+00 4.4708e+00 - 1.0636e-01 -
    8.9703e-01 - 6.3864e+00 - 4.0259e+00 -
    1.4310e-01 1.2626e-01 0.0000e+00 7.8339e+02 0.0000e+00 0.0000e+00 -
    6.1423e+01 0.0000e+00 0.0000e+00 0.0000e+00 0.0000e+00 0.0000e+00 0.0000e+00 0.0000e+00 0.0000e+00 2.7774e-02 -
    3.8484e-02 3.0783e-01 5.4475e+00 1.3719e+00 6.0059e-01 4.6757e-02 -
    2.5645e-02 2.9658e-02 4.8167e-02 -
    1.0636e-01 3.2593e-03 2.7489e-02 1.9570e-01 1.2337e-01 4.3851e-03 -
    3.8690e-03 0.0000e+00 -
    2.4006e+01 0.0000e+00 0.0000e+00 1.8823e+00 0.0000e+00 0.0000e+00 0.0000e+00 0.0000e+00 0.0000e+00 0.0000e+00 0.0000e+00 0.0000e+00 2.3425e-01 -
    3.2458e-01 2.5962e+00 4.5945e+01 1.1570e+01 5.0654e+00 3.9435e-01 -
    2.1629e-01 2.5014e-01 4.0624e-01 -
    8.9703e-01 2.7489e-02 2.3184e-01 1.6506e+00 1.0405e+00 3.6984e-02 -
    3.2631e-02 0.0000e+00 -
    2.0247e+02 0.0000e+00 0.0000e+00 1.5875e+01 0.0000e+00 0.0000e+00 0.0000e+00 0.0000e+00 0.0000e+00 0.0000e+00 0.0000e+00 0.0000e+00 1.6677e+00 -
    2.3108e+00 1.8484e+01 3.2710e+02 8.2375e+01 3.6063e+01 2.8075e+00 -
    1.5399e+00 1.7808e+00 2.8922e+00 -
    6.3864e+00 1.9570e-01 1.6506e+00 1.1751e+01 7.4079e+00 2.6330e-01 -
    2.3232e-01 0.0000e+00 -
    1.4415e+03 0.0000e+00 0.0000e+00 1.1302e+02 0.0000e+00 0.0000e+00 0.0000e+00 0.0000e+00 0.0000e+00 0.0000e+00 0.0000e+00 0.0000e+00 1.0513e+00 -
    1.4567e+00 1.1652e+01 2.0620e+02 5.1929e+01 2.2734e+01 1.7699e+00 -
    9.7072e-01 1.1226e+00 1.8232e+00 -
    4.0259e+00 1.2337e-01 1.0405e+00 7.4079e+00 4.6699e+00 1.6599e-01 -
    1.4645e-01 0.0000e+00 -
    9.0870e+02 0.0000e+00 0.0000e+00 7.1248e+01 0.0000e+00 0.0000e+00 0.0000e+00 0.0000e+00 0.0000e+00 0.0000e+00 0.0000e+00 0.0000e+00 3.7368e-02 -
    5.1778e-02 4.1416e-01 7.3292e+00 1.8457e+00 8.0804e-01 6.2907e-02 -
    3.4503e-02 3.9903e-02 6.4805e-02 -
    1.4310e-01 4.3851e-03 3.6984e-02 2.6330e-01 1.6599e-01 5.8998e-03 -
    5.2054e-03 0.0000e+00 -
    3.2299e+01 0.0000e+00 0.0000e+00 2.5324e+00 0.0000e+00 0.0000e+00 0.0000e+00 0.0000e+00 0.0000e+00 0.0000e+00 0.0000e+00 0.0000e+00 -
    3.2968e-02 4.5684e-02 - 3.6542e-01 - 6.4666e+00 - 1.6285e+00 - 7.1294e-01 -
    5.5504e-02 3.0442e-02 - 3.5207e-02 - 5.7178e-02 1.2626e-01 -
    3.8690e-03 - 3.2631e-02 - 2.3232e-01 - 1.4645e-01 - 5.2054e-03 4.5928e-03 0.0000e+00 2.8497e+01 0.0000e+00 0.0000e+00 - 2.2343e+00 0.0000e+00 0.0000e+00 0.0000e+00 0.0000e+00 0.0000e+00 0.0000e+00 0.0000e+00 0.0000e+00 0.0000e+00 0.0000e+00 0.0000e+00 0.0000e+00 0.0000e+00 0.0000e+00 0.0000e+00 0.0000e+00 0.0000e+00 0.0000e+00 0.0000e+00 0.0000e+00 0.0000e+00 0.0000e+00 0.0000e+00 0.0000e+00 0.0000e+00 0.0000e+00 0.0000e+00 0.0000e+00 0.0000e+00 0.0000e+00 0.0000e+00 0.0000e+00 0.0000e+00 0.0000e+00 0.0000e+00 0.0000e+00 0.0000e+00 0.0000e+00 - 2.0457e+02 2.8346e+02 - 2.2673e+03 - 4.0124e+04 - 1.0105e+04 - 4.4237e+03 - 3.4439e+02 1.8889e+02 - 2.1845e+02 - 3.5478e+02 7.8339e+02 - 2.4006e+01 - 2.0247e+02 - 1.4415e+03 - 9.0870e+02 - 3.2299e+01 2.8497e+01 0.0000e+00 1.7682e+05 0.0000e+00 0.0000e+00 - 1.3864e+04 0.0000e+00 0.0000e+00 0.0000e+00 0.0000e+00 0.0000e+00 0.0000e+00 0.0000e+00 0.0000e+00 0.0000e+00 0.0000e+00 0.0000e+00 0.0000e+00 0.0000e+00 0.0000e+00 0.0000e+00 0.0000e+00 0.0000e+00 0.0000e+00 0.0000e+00 0.0000e+00 0.0000e+00 0.0000e+00 0.0000e+00 0.0000e+00 0.0000e+00 0.0000e+00 0.0000e+00 0.0000e+00 0.0000e+00 0.0000e+00 0.0000e+00 0.0000e+00 0.0000e+00 0.0000e+00 0.0000e+00 0.0000e+00 0.0000e+00 0.0000e+00 0.0000e+00 0.0000e+00 0.0000e+00 0.0000e+00 0.0000e+00 0.0000e+00 0.0000e+00 0.0000e+00 0.0000e+00 0.0000e+00 0.0000e+00 0.0000e+00 0.0000e+00 0.0000e+00 0.0000e+00 0.0000e+00 0.0000e+00 0.0000e+00 0.0000e+00 0.0000e+00 0.0000e+00 0.0000e+00 0.0000e+00 0.0000e+00 0.0000e+00 0.0000e+00 0.0000e+00 0.0000e+00 0.0000e+00 0.0000e+00 1.6049e+01 - 2.2225e+01 1.7777e+02 3.1460e+03 7.9226e+02 3.4684e+02 2.7002e+01 - 1.4810e+01 1.7128e+01 2.7817e+01 - 6.1423e+01 1.8823e+00 1.5875e+01 1.1302e+02 7.1248e+01 2.5324e+00 - 2.2343e+00 0.0000e+00 - 1.3864e+04 0.0000e+00 0.0000e+00 1.0875e+03 0.0000e+00 0.0000e+00 0.0000e+00 0.0000e+00 0.0000e+00 0.0000e+00 0.0000e+00 0.0000e+00 0.0000e+00 0.0000e+00 0.0000e+00 0.0000e+00 0.0000e+00 0.0000e+00 0.0000e+00 0.0000e+00 0.0000e+00 0.0000e+00 0.0000e+00 0.0000e+00 0.0000e+00 0.0000e+00 0.0000e+00 0.0000e+00 0.0000e+00 0.0000e+00 0.0000e+00 0.0000e+00 0.0000e+00 0.0000e+00 0.0000e+00 0.0000e+00 0.0000e+00 0.0000e+00 0.0000e+00 0.0000e+00 0.0000e+00 0.0000e+00 0.0000e+00 0.0000e+00 0.0000e+00 0.0000e+00 0.0000e+00 0.0000e+00 0.0000e+00 0.0000e+00 0.0000e+00 0.0000e+00 0.0000e+00 0.0000e+00 0.0000e+00 0.0000e+00 0.0000e+00 0.0000e+00 0.0000e+00 0.0000e+00 0.0000e+00 0.0000e+00 0.0000e+00 0.0000e+00 0.0000e+00 0.0000e+00 0.0000e+00 0.0000e+00 0.0000e+00 0.0000e+00 0.0000e+00 0.0000e+00 0.0000e+00 0.0000e+00 0.0000e+00 0.0000e+00 0.0000e+00 0.0000e+00 0.0000e+00 0.0000e+00 0.0000e+00 0.0000e+00 0.0000e+00 0.0000e+00 0.0000e+00 0.0000e+00 0.0000e+00 0.0000e+00 0.0000e+00 0.0000e+00 0.0000e+00 0.0000e+00 0.0000e+00 0.0000e+00 0.0000e+00 0.0000e+00 0.0000e+00 0.0000e+00 0.0000e+00 0.0000e+00 0.0000e+00 0.0000e+00 0.0000e+00 0.0000e+00 0.0000e+00 0.0000e+00 0.0000e+00 0.0000e+00 0.0000e+00 0.0000e+00 0.0000e+00 0.0000e+00 0.0000e+00 0.0000e+00 0.0000e+00 0.0000e+00 0.0000e+00 0.0000e+00 0.0000e+00 0.0000e+00 0.0000e+00 0.0000e+00 0.0000e+00 0.0000e+00 0.0000e+00 0.0000e+00 0.0000e+00 0.0000e+00 0.0000e+00 0.0000e+00 0.0000e+00 0.0000e+00 0.0000e+00 0.0000e+00 0.0000e+00 0.0000e+00 0.0000e+00 0.0000e+00 0.0000e+00 0.0000e+00 0.0000e+00 0.0000e+00 0.0000e+00 0.0000e+00 0.0000e+00 0.0000e+00 0.0000e+00 0.0000e+00 0.0000e+00 0.0000e+00 0.0000e+00 0.0000e+00 0.0000e+00 0.0000e+00 0.0000e+00 0.0000e+00 0.0000e+00 0.0000e+00 0.0000e+00 0.0000e+00 0.0000e+00 0.0000e+00 0.0000e+00 0.0000e+00 0.0000e+00 0.0000e+00 0.0000e+00 0.0000e+00 0.0000e+00 0.0000e+00 0.0000e+00 0.0000e+00 0.0000e+00 0.0000e+00 0.0000e+00 0.0000e+00 0.0000e+00 0.0000e+00 0.0000e+00 0.0000e+00 0.0000e+00 0.0000e+00 0.0000e+00 0.0000e+00 0.0000e+00 0.0000e+00 0.0000e+00 0.0000e+00 0.0000e+00 0.0000e+00 0.0000e+00 0.0000e+00 0.0000e+00 0.0000e+00 0.0000e+00 0.0000e+00 0.0000e+00 0.0000e+00 0.0000e+00 0.0000e+00 0.0000e+00 0.0000e+00 0.0000e+00 0.0000e+00 0.0000e+00 0.0000e+00 0.0000e+00 0.0000e+00 0.0000e+00 0.0000e+00 0.0000e+00 0.0000e+00 0.0000e+00 0.0000e+00 0.0000e+00 0.0000e+00 0.0000e+00 0.0000e+00 0.0000e+00 0.0000e+00 0.0000e+00 0.0000e+00 0.0000e+00 0.0000e+00 0.0000e+00 0.0000e+00 0.0000e+00 0.0000e+00 0.0000e+00 0.0000e+00 0.0000e+00 0.0000e+00 0.0000e+00 0.0000e+00 0.0000e+00 0.0000e+00 0.0000e+00 0.0000e+00 0.0000e+00 0.0000e+00 0.0000e+00 0.0000e+00 0.0000e+00 0.0000e+00 0.0000e+00 0.0000e+00 0.0000e+00 0.0000e+00 0.0000e+00 0.0000e+00 0.0000e+00 0.0000e+00 2 1 1 0 0 -
    2 0.10000 0.00000 1 1 1 1 1 2 2 - 0.10000 0.00000 0.00000 -
    0.02000 0.10000 0.00000 0.00100 0.01000 1.1000 1.0000 1.0000 1.0000 100 1000 1000 10000 2 1 0.00000 0.10000 0.00000 0.00000 0 1 1 1 0 0 1 2 2 1.1000 1.0000 1.0000 1.1000 1 0 0 1 1 0 0 1 0.010000 0 0 0.010000 2 1 2.9000 1.0000 4.0000 1.9000 1 1 1 -
    10.6000 - 4.8000 - 4.8000 - 1.8000 3 3 2.3333e-01 6.6667e-02 -
    1.8502e-17 6.6667e-02 2.0000e-01 - 6.6667e-02 - 7.3997e-18 -
    6.6667e-02 1.6667e-01 1 0 0 0 1 0 0 0 1 0.10000 0 0 0 0.10000 0 0 0 0.10000 1.6000 -
    2.4000 - 1.8000 - 2.4000 4.6000 4.2000 -
    1.8000 4.2000 4.9000 4 1 0.00000 0.40000 0.00000 0.00000 0.00000 0.00000 0.34500 0.00000 0.00000 -
    5.24000 - 4.65000 2.62000 0.00000 0.00000 0.00000 -
    10.00000 0 0 0 10 1 1 0 0 0 0 0 0 0 0 0 1 0 0 0 0 0 4 1 -
    0.10000 1.00000 0.00000 0.00000 - 1.00000 -
    0.10000 0.00000 0.00000 0.00000 0.00000 0.10000 1.00000 0.00000 0.00000 -
    1.00000 0.10000 1 1 1 1 1 1 1 1 1 1 1 1 1 1 1 1 1 1 1 1 1