2 1
   0   1                                                                                                                                              
   0   0
   0
   1
   1
   1   0
   0   2
2 1
   4.0000   3.0000
  -4.5000  -3.5000
   1
  -1
   1
   9   6
   6   4
8 2
  -0.99100   0.52900   0.00000   0.00000   0.00000   0.00000   0.00000   0.00000
   0.52200  -1.05100   0.59600   0.00000   0.00000   0.00000   0.00000   0.00000
   0.00000   0.52200  -1.11800   0.59600   0.00000   0.00000   0.00000   0.00000
   0.00000   0.00000   0.52200  -1.54800   0.71800   0.00000   0.00000   0.00000
   0.00000   0.00000   0.00000   0.92200  -1.64000   0.79900   0.00000   0.00000
   0.00000   0.00000   0.00000   0.00000   0.92200  -1.72100   0.90100   0.00000
   0.00000   0.00000   0.00000   0.00000   0.00000   0.92200  -1.82300   1.02100
   0.00000   0.00000   0.00000   0.00000   0.00000   0.00000   0.92200  -1.94300
   0.0038400  -0.0028800
   0.0040000  -0.0030400
   0.0376000  -0.0028000
   0.0030800  -0.0023200
   0.0023600  -0.0033200
   0.0028800  -0.0038200
   0.0030800  -0.0041200
   0.0030000  -0.0039600
   1   0
   0   1
   1.00000   0.00000   0.00000   0.00000   0.50000   0.00000   0.00000   0.10000
   0.00000   1.00000   0.00000   0.00000   0.10000   0.00000   0.00000   0.00000
   0.00000   0.00000   1.00000   0.00000   0.00000   0.50000   0.00000   0.00000
   0.00000   0.00000   0.00000   1.00000   0.00000   0.00000   0.00000   0.00000
   0.50000   0.10000   0.00000   0.00000   0.10000   0.00000   0.00000   0.00000
   0.00000   0.00000   0.50000   0.00000   0.00000   0.10000   0.00000   0.00000
   0.00000   0.00000   0.00000   0.00000   0.00000   0.00000   0.10000   0.00000
   0.10000   0.00000   0.00000   0.00000   0.00000   0.00000   0.00000   0.10000
9 3
    -4.01900     5.12000     0.00000     0.00000    -2.08200     0.00000     0.00000     0.00000     0.87000
    -0.34600     0.98600     0.00000     0.00000    -2.34000     0.00000     0.00000     0.00000     0.97000
    -7.90900    15.40700    -4.06900     0.00000    -6.45000     0.00000     0.00000     0.00000     2.68000
   -21.81600    35.60600    -0.33900    -3.87000   -17.80000     0.00000     0.00000     0.00000     7.39000
   -60.19600    98.18800    -7.90700     0.34000   -53.00800     0.00000     0.00000     0.00000    20.40000
     0.00000     0.00000     0.00000     0.00000    94.00000  -147.20000     0.00000    53.20000     0.00000
     0.00000     0.00000     0.00000     0.00000     0.00000    94.00000  -147.20000     0.00000     0.00000
     0.00000     0.00000     0.00000     0.00000     0.00000    12.80000     0.00000   -31.60000     0.00000
     0.00000     0.00000     0.00000     0.00000    12.80000     0.00000     0.00000    18.80000   -31.60000
   0.01000  -0.01100  -0.15100
   0.00300  -0.02100   0.00000
   0.00900  -0.05900   0.00000
   0.02400  -0.16200   0.00000
   0.06800  -0.44500   0.00000
   0.00000   0.00000   0.00000
   0.00000   0.00000   0.00000
   0.00000   0.00000   0.00000
   0.00000   0.00000   0.00000
   1   0   0
   0   1   0
   0   0   1
   1   0   0   0   0   0   0   0   0
   0   1   0   0   0   0   0   0   0
   0   0   1   0   0   0   0   0   0
   0   0   0   1   0   0   0   0   0
   0   0   0   0   1   0   0   0   0
   0   0   0   0   0   1   0   0   0
   0   0   0   0   0   0   1   0   0
   0   0   0   0   0   0   0   1   0
   0   0   0   0   0   0   0   0   1
2 1
   1   0
   0  -2
   0.10000
   0.00000
   1
   1   1
   1   1
2 2
  -0.10000   0.00000
   0.00000  -0.02000
   0.10000   0.00000
   0.00100   0.01000
   1.1000   1.0000
   1.0000   1.0000
     100    1000
    1000   10000
2 1
   0.00000   0.10000
   0.00000   0.00000
   0
   1
   1
   1   0
   0   1
2 2
   1.1000   1.0000
   1.0000   1.1000
   1   0
   0   1
   1   0
   0   1
   0.010000   0
   0   0.010000
2 1
   2.9000   1.0000
   4.0000   1.9000
   1
   1
   1
  -10.6000   -4.8000
   -4.8000   -1.8000
3 3
   2.3333e-01   6.6667e-02  -1.8502e-17
   6.6667e-02   2.0000e-01  -6.6667e-02
  -7.3997e-18  -6.6667e-02   1.6667e-01
   1   0   0
   0   1   0
   0   0   1
   0.10000         0         0
         0   0.10000         0
         0         0   0.10000
   1.6000  -2.4000  -1.8000
  -2.4000   4.6000   4.2000
  -1.8000   4.2000   4.9000
4 2
   0   0   1   0
   0   0   0   1
   0   0   0   0
   0   0   0   0
   0   0
   0   0
   1   0
   0   1
   1   0
   0   1
   1   0   0   0
   0   1   0   0
   0   0   1   0
   0   0   0   1